image_width: 3072
image_height: 2048
camera_name: hk_camera_right
left_camera: false
camera_matrix:
  rows: 3
  cols: 3
  data: [ 3553.71235078241, 0, 1532.845012757256,
          0, 3548.406810566863, 1024.452877766448,
          0, 0, 1 ]
distortion_model: plumb_bob
distortion_coefficients:
  rows: 1
  cols: 5
  data: [ -0.02685825288930577, 0.1314716034898153, -0.002317758879502866, -0.002227632334861363, 0 ]
rectification_matrix:
  rows: 3
  cols: 3
  data: [ 1, 0, 0, 0, 1, 0, 0, 0, 1 ]
projection_matrix:
  rows: 3
  cols: 4
  data: [ 3385.41064453125, 0, 1618.621940778976, 0, 0, 3378.417724609375, 1111.300264183737, 0, 0, 0, 1, 0 ]
extrinsic:
  rows: 3
  cols: 4
  data: [ -0.203492, -0.979031, 0.00937351, -0.269386,
          -0.0129018, -0.00689117, -0.999893, 0.0484182,
          0.978991, -0.203592, -0.0112284, -0.136743 ]
extrinsic2:
  rows: 3
  cols: 4
  data: [ -0.207801,  -0.978168,  0.00228503,  -0.191765,
          -0.0161436,  0.0010938,  -0.999869,  0.0339776,
          0.978038,  -0.207811,  -0.0160184,  -0.00389894 ]
world_to_cam:
  rows: 3
  cols: 4
  data: [ 0.9620551806944498, 0.2690649240702225, -0.04531992866338747, -14.3086982404946,
          0.02403825232296894, 0.08187066028518783, 0.9963530285043171, 1.26029623711392,
          0.2717940244453995, -0.9596360047536526, 0.07229624233817983, 27.33105752799093 ]
extrinsic_left:
  rows: 3
  cols: 4
  data: [ -0.0491367, -0.998606, -0.0192966, 1.08359,
          -0.0960911, 0.0239569, -0.995084, 1.2192,
          0.994159, -0.047041, -0.0971342, 0.110092 ]

