image_width: 3072
image_height: 2048
camera_name: hk_camera_left
left_camera: true
camera_matrix:
  rows: 3
  cols: 3
  data: [ 5134.901034856458, 0, 1569.000575656389, 0, 5148.006830532922, 1102.614396051899, 0, 0, 1 ]
distortion_model: plumb_bob
distortion_coefficients:
  rows: 1
  cols: 5
  data: [ 0.002563175235928027, -0.03799255244943196, 0.0009838632193874687, 0.001629284579519564, 0 ]
rectification_matrix:
  rows: 3
  cols: 3
  data: [ 1, 0, 0, 0, 1, 0, 0, 0, 1 ]
projection_matrix:
  rows: 3
  cols: 4
  data: [ 5133.67431640625, 0, 1570.9745363416, 0, 0, 5148.92724609375, 1103.06757873841, 0, 0, 0, 1, 0 ]
extrinsic:
  rows: 3
  cols: 4
  data: [ 0.0232164,  -0.999693,  -0.0086784,  2.33909e-07,
          -0.0153616,  0.0083229,  -0.999847,  -1.46293e-07,
          0.999613,  0.0233462,  -0.0151638,  9.70984e-07 ]
#extrinsic2:
#  rows: 3
#  cols: 4
#  data: [ -0.207801,  -0.978168,  0.00228503,  -0.191765,
#          -0.0161436,  0.0010938,  -0.999869,  0.0339776,
#          0.978038,  -0.207811,  -0.0160184,  -0.00389894 ]
world_to_cam:
  rows: 3
  cols: 4
  data: [ 0.9620551806944498, 0.2690649240702225, -0.04531992866338747, -14.3086982404946,
          0.02403825232296894, 0.08187066028518783, 0.9963530285043171, 1.26029623711392,
          0.2717940244453995, -0.9596360047536526, 0.07229624233817983, 27.33105752799093 ]

