image_width: 3072
image_height: 2048
camera_name: hk_camera_left
left_camera: true
camera_matrix:
  rows: 3
  cols: 3
  data: [ 5106.289176968791, 0, 1506.158208873355, 0, 5103.305368907496, 1043.629303470641, 0, 0, 1 ]
distortion_model: plumb_bob
distortion_coefficients:
  rows: 1
  cols: 5
  data: [ -0.001330140320776499, 0.2850442055915671,  0.001383886651367154,  0.003150743216645011,  0 ]
rectification_matrix:
  rows: 3
  cols: 3
  data: [ 1, 0, 0, 0, 1, 0, 0, 0, 1 ]
projection_matrix:
  rows: 3
  cols: 4
  data: [ 5204.2568359375, 0, 1562.252530054568, 0, 0, 5194.97021484375, 1081.699898148152, 0, 0, 0, 1, 0 ]
extrinsic:
  rows: 3
  cols: 4
  data: [ -0.0491367, -0.998606, -0.0192966, 1.08359,
          -0.0960911, 0.0239569, -0.995084, 1.2192,
          0.994159, -0.047041, -0.0971342, 0.110092 ]
#extrinsic2:
#  rows: 3
#  cols: 4
#  data: [ 0.167909,  -0.985784,  -0.00612153,  0.0590264,
#          -0.0331205,  0.000564986,  -0.999451,  0.0405572,
#          0.985246,  0.168019,  -0.0325548,  -0.060554 ]
world_to_cam:
  rows: 3
  cols: 4
  data: [ 0.9902065104383774, -0.1381551706427959, 0.02010511154187618, -1.80592971081812,
          -0.007843078247378649, 0.08873296532120606, 0.9960245714784907, 1.264309490685013,
          -0.1393899308022529, -0.9864277011975918, 0.08678039813792962, 30.89981232167481 ]

  #3D_points:  # Must be float (Ref: https://github.com/daniilidis-group/msckf_mono/issues/28)
  #
  #  #left_camera
  #  p1: [ 0.927998, 0.926115, -1.531]
  #  p2: [2.891553, 11.815893, -1.447749]
  #  p3: [ 8.311249, 14.811249, -2.386 ]
  #  p4: [ 1.61, 16.712008, -0.735 ]
  #  p5: [6.197724, 19.666201, -0.614995]
  #  p6: [ 6.857724, 19.666201, -0.614995 ]

  #right_camera
#  p1: [ 8.311249, 14.811249, -2.386 ]
#  p2: [12.992708, 17.371113, -1.578351]
#  p3: [ 12.78, 19.031606, -0.945]
#  p4: [6.197724, 19.666201, -0.614995]
#  p5: [ 6.857724, 19.666201, -0.614995 ]
#  p6: [ 10.07, 23.224486, -1.4]

#  p1: [2.891553, 11.815893, -1.447749]
#  p2: [13.048568, 17.43886, -1.580651]
#  p3: [12.992708, 17.371113, -1.578351]
#  p4: [6.197724, 19.666201, -0.614995]
#  p5: [ 6.857724, 19.666201, -0.614995 ]
#  p6: [ 6.857724, 19.666201, -0.614995 ]
#  p7: [ 8.311249, 14.811249, -2.386 ]
#  p8: [ 1.61, 16.712008, -0.735 ]
#  p9: [ 0.927998, 0.926115, -1.531]
#  p10: [ 12.78, 19.031606, -0.945]
#  p11: [ 5.87, 23.224486, -1.4 ]
#  p12: [ 10.07, 23.224486, -1.4]

